5|404
87|39
496|980
579|166
327|448
909|302
198|281
571|86
693|846
340|943
627|739
705|779
301|702
619|554
18|155
555|62
631|971
101|94
887|894
765|220
105|416
781|917
831|693
803|124
398|646
112|419
350|301
539|265
697|307
737|792
360|24
147|172
892|846
670|226
180|477
198|797
80|119
838|210
957|787
947|607
898|495
155|370
42|136
711|329
431|835
395|580
157|972
858|80
268|608
24|983
22|577
942|920
448|313
339|230
461|328
306|909
358|129
893|864
867|776
129|756
134|340
793|344
81|617
640|107
260|757
941|348
762|962
584|321
551|234
921|728
795|481
867|102
528|485
221|27
78|992
212|491
478|267
849|681
782|598
839|829
672|231
969|703
386|956
147|395
544|571
313|633
853|400
959|652
472|690
814|595
395|612
28|266
545|449
869|495
113|901
537|951
394|91
56|563
511|163
714|570
337|825
482|505
679|577
636|78
306|197
209|92
782|243
434|60
203|702
158|936
87|651
281|641
34|360
239|762
344|395
141|308
974|243
257|569
129|521
585|966
812|790
188|915
692|445
168|150
656|994
360|807
5|777
483|685
543|839
471|318
338|873
733|910
55|900
116|539
984|863
929|680
116|190
124|295
462|365
948|587
191|88
105|348
35|332
302|196
759|570
26|288
50|267
627|937
56|277
859|790
328|628
164|791
65|678
690|813
653|187
222|177
890|882
127|250
767|385
875|722
597|919
779|413
837|640
630|848
562|185
239|185
505|157
258|562
922|312
282|355
641|488
542|571
347|847
397|166
139|377
169|670
400|137
193|408
848|749
953|423
48|840
251|468
947|37
671|733
624|564
326|455
102|519
80|108
377|207
66|989
243|463
709|185
15|567
783|368
962|849
713|172
358|858
306|799
236|73
622|310
176|663
541|574
50|713
568|880
56|85
31|640
683|963
179|584
131|66
452|379
252|302
769|774
850|154
96|242
213|280
870|303
583|754
813|579
921|134
135|300
998|902
312|877
817|72
487|394
678|721
667|170
620|243
58|872
892|766
723|895
617|325
666|774
213|727
56|928
149|599
661|996
929|151
380|348
989|890
955|777
665|701
563|491
611|699
681|340
695|939
685|154
409|238
682|673
236|536
664|89
16|558
244|79
59|670
240|468
861|709
881|2
809|945
229|914
760|175
163|512
45|714
232|209
912|507
586|690
468|705
111|453
226|865
760|106
457|483
432|940
459|213
478|985
58|683
344|463
9|766
911|61
373|152
44|301
325|35
165|551
83|548
0|155
597|428
774|942
185|123
457|277
741|221
52|831
236|246
151|229
162|123
681|700
793|50
80|74
821|458
780|421
317|880
856|910
213|322
388|628
908|400
278|884
308|634
318|151
99|212
65|79
883|935
388|959
865|298
361|546
348|700
121|725
341|35
958|860
364|140
617|912
857|521
319|761
844|795
391|158
730|928
973|609
393|701
537|381
492|895
45|913
959|840
280|207
278|551
543|273
675|457
785|958
593|151
220|361
615|625
115|69
905|202
814|419
725|511
332|639
496|577
368|467
94|702
951|16
241|112
482|292
252|118
482|273
142|15
15|241
480|176
764|865
780|975
8|757
25|860
481|766
219|902
775|98
88|317
863|889
199|203
120|503
142|821
815|787
718|540
276|709
495|91
158|320
811|502
686|118
694|194
990|380
629|715
73|349
342|384
185|823
151|125
41|276
56|260
722|957
160|219
38|483
583|770
271|127
743|455
285|585
630|744
194|5
212|739
872|426
748|466
445|334
355|451
558|370
49|881
264|550
778|727
956|474
155|506
795|858
444|944
604|886
98|598
193|405
929|36
64|315
387|295
209|693
773|702
127|131
212|899
78|861
191|733
805|901
787|718
848|704
942|14
981|802
860|557
235|756
258|152
439|12
816|947
163|483
518|263
699|451
378|663
645|543
866|741
694|363
791|290
617|210
187|358
372|372
312|406
831|215
467|370
872|59
460|65
44|242
570|322
383|523
18|396
326|279
367|438
934|119
861|870
963|966
534|229
824|458
575|790
170|111
431|484
983|7
789|586
83|800
696|452
792|469
906|94
191|790
32|92
4|873
470|711
352|595
406|905
524|231
240|585
666|779
152|271
91|533
411|318
488|780
354|133
421|409
78|494
60|439
37|33
426|482
785|295
639|718
131|388
600|883
61|851
559|111
784|13
316|634
2|656
378|712
603|223
518|336
290|941
516|910
845|84
193|206
159|184
992|856
631|372
402|22
717|604
718|502
573|310
624|64
178|424
437|379
654|712
878|562
775|302
428|188
870|688
38|975
657|353
950|599
19|459
3|628
254|356
994|998
503|16
762|978
317|451
732|420
646|813
551|445
305|430
80|328
943|214
150|28
565|742
844|220
358|25
45|717
421|807
125|298
717|879
58|759
538|448
870|418
954|617
329|842
800|505
294|588
378|674
684|39
205|965
432|760
170|542
619|291
406|15
998|837
688|253
726|425
371|320
788|494
343|730
73|947
412|1
418|852
730|455
339|746
122|85
93|750
446|297
588|994
827|578
12|939
617|491
154|546
777|868
216|58
884|189
695|473
892|484
347|169
124|766
560|949
674|252
714|602
160|975
977|74
730|792
666|764
718|132
329|920
846|871
75|861
239|280
860|932
389|618
857|961
948|419
870|61
17|61
264|365
775|550
386|801
889|141
327|91
522|929
753|760
154|426
322|252
690|698
710|394
390|781
213|540
117|15
124|310
920|605
746|657
866|963
144|295
484|273
970|98
952|768
409|458
864|97
807|522
97|618
369|318
349|869
973|993
336|844
683|874
16|16
170|915
183|95
892|190
281|26
766|416
726|612
441|621
371|754
674|20
207|601
213|302
235|427
308|996
988|150
957|639
589|96
81|935
598|492
274|769
204|616
240|71
851|951
590|736
427|352
621|581
169|662
666|414
802|866
680|755
786|894
201|131
67|126
826|630
530|505
22|877
479|904
815|590
361|142
449|282
835|570
568|635
528|375
469|925
428|665
132|730
811|518
982|308
415|108
3|724
125|959
205|921
330|742
102|264
846|76
52|660
416|397
918|215
325|564
602|690
655|900
201|863
372|290
66|959
920|506
174|252
138|724
157|875
364|646
304|784
273|205
78|352
613|470
314|414
599|766
982|849
505|311
69|223
757|340
549|39
676|142
342|340
900|798
521|691
239|42
850|678
259|817
417|450
821|848
250|900
975|651
360|154
523|324
746|825
655|932
118|23
97|265
107|131
862|737
450|813
948|621
174|556
915|303
589|687
893|617
401|907
90|647
63|25
781|188
815|575
51|694
36|306
923|826
580|993
709|286
586|84
397|435
951|353
477|802
237|219
734|59
931|37
531|209
932|448
201|82
348|673
921|873
761|253
584|866
631|89
721|594
976|607
31|316
509|653
694|708
547|977
949|596
840|991
762|998
773|713
892|132
792|626
936|912
162|523
673|698
768|609
171|148
496|139
81|324
6|214
699|279
752|491
534|370
722|324
33|769
489|585
93|916
195|589
801|350
669|117
154|985
979|995
939|936
806|801
99|701
909|438
992|558
14|613
378|300
92|565
189|836
490|902
208|182
515|253
952|905
337|730
653|887
59|713
299|756
551|596
563|920
225|330
859|51
592|533
902|580
211|500
258|104
927|317
495|76
787|757
420|553
848|192
363|178
783|105
499|300
314|621
748|494
2|268
610|159
42|156
589|981
349|372
694|836
471|549
958|740
218|222
967|793
175|10
72|32
966|680
266|486
34|602
265|589
750|762
101|659
706|335
33|630
167|438
203|475
497|526
705|234
145|757
82|92
652|954
319|990
195|577
191|361
889|102
947|745
106|105
85|708
447|299
34|881
188|337
625|736
805|595
534|439
973|32
341|276
520|173
935|795
443|109
463|128
143|671
740|65
490|456
369|392
441|996
786|845
722|199
902|315
328|582
185|599
43|750
386|856
760|671
225|931
168|288
264|337
834|905
737|515
595|560
245|348
225|142
997|976
245|494
552|320
270|619
466|860
923|863
85|392
285|882
304|818
231|437
223|152
731|448
11|816
461|386
719|767
336|835
373|899
752|409
611|265
118|903
661|547
820|403
413|970
819|345
230|711
256|426
117|787
918|845
244|795
483|735
857|882
899|698
523|87
489|185
638|875
271|38
700|326
775|674
330|328
35|39
995|116
156|7
511|908
718|585
980|905
165|814
781|381
46|777
646|122
878|325
480|634
705|354
440|217
725|790
12|243
514|914
760|443
739|741
725|892
187|614
368|902
204|732
709|455
256|318
280|996
27|207
448|708
558|361
410|801
565|293
182|927
573|736
391|249
53|337
641|303
51|752
934|264
955|577
430|972
643|984
960|407
509|15
215|306
466|51
884|377
331|923
327|892
431|440
329|466
340|460
401|918
676|975
944|273
272|184
752|980
929|436
157|580
332|774
417|557
520|84
782|2
452|263
971|127
425|42
832|515
247|962
631|182
582|41
729|533
70|940
34|281
298|903
446|893
765|745
